0.342
0.756
0.09800000000000009
0.8540000000000001
0.9520000000000002
0.8060000000000003
0.7580000000000005
0.5640000000000007
0.3220000000000012
0.8860000000000019
0.20800000000000307
0.09400000000000497
0.30200000000000804
0.396000000000013
0.698000000000021
0.09400000000003406
0.7920000000000551
0.8860000000000892
0.6780000000001443
0.5640000000002334
0.2420000000003777
0.8060000000006111
0.04800000000098881
0.8540000000015999
0.9020000000025887
0.7560000000041887
0.6580000000067774
0.41400000001096604
0.07200000001774343
0.48600000002870947
0.5580000000464529
0.04400000007516236
0.6020000001216153
0.6460000001967776
0.24800000031839287
0.8940000005151705
0.14200000083356334
0.03600000134873382
0.17800000218229717
0.214000003531031
0.39200000571332816
0.6060000092443592
0.9980000149576873
0.6040000242020465
0.6020000391597338
0.20600006336178023
0.808000102521514
0.014000165883294224
0.8220002684048082
0.8360004342881024
0.6580007026929107
0.4940011369810131
0.15200183967392378
0.6460029766549369
0.7980048163288607
0.44400779298379756
0.24201260931265822
0.6860204022964558
0.928033011609114
0.6140534139055698
0.5420864255146838
0.15613983942025356
0.6982262649349373
0.8543661043551909
0.5525923692901282
0.4069584736453191
0.9595508429354473
0.36650931658076646
0.3260601595162138
0.6925694760969803
0.018629635613194084
0.7111991117101744
0.7298287473233684
0.4410278590335428
0.17085660635691124
0.611884465390454
0.7827410717473653
0.39462553713781934
0.17736660888518463
0.571992146023004
0.7493587549081886
0.32135090093119256
0.07070965583938116
0.3920605567705737
0.4627702126099549
0.8548307693805286
0.3176009819904835
0.17243175137101208
0.49003273336149555
0.6624644847325076
0.15249721809400318
0.8149617028265108
0.967458920920514
0.7824206237470248
0.7498795446675388
0.5323001684145636
0.28217971308210243
0.8144798814966661
0.09665959457876849
0.9111394760754346
0.007799070654203044
0.9189385467296376
0.9267376173838406
0.8456761641134782
0.7724137814973189
0.6180899456107971
0.390503727108116
0.008593672718913092
0.3990973998270291
0.40769107254594217
0.8067884723729712
0.2144795449189134
0.021268017291884656
0.23574756221079807
0.2570155795026827
0.4927631417134808
0.7497787212161635
0.2425418629296443
0.9923205841458078
0.23486244707545212
0.22718303122125993
0.46204547829671205
0.689228509517972
0.15127398781468404
0.840502497332656
0.9917764851473401
0.8322789824799961
0.8240554676273362
0.6563344501073323
0.48038991773466844
0.1367243678420007
0.6171142855766691
0.7538386534186698
0.370952938995339
0.12479159241400883
0.4957445314093478
0.6205361238233567
0.11628065523270448
0.7368167790560611
0.8530974342887656
0.5899142133448267
0.44301164763359235
0.0329258609784191
0.47593750861201145
0.5088633695904305
0.984800878202442
0.49366424779287255
0.47846512599531454
0.9721293737881871
0.45059449978350163
0.4227238735716887
0.8733183733551904
0.2960422469268791
0.16936062028206944
0.4654028672089485
0.634763487491018
0.10016635469996649
0.7349298421909845
0.8350961968909509
0.5700260390819354
0.4051222359728863
0.9751482750548217
0.38027051102770804
0.35541878608252975
0.7356892971102378
0.09110808319276753
0.8267973803030053
0.9179054634957728
0.7447028437987782
0.662608307294551
0.40731115109332916
0.06991945838788016
0.4772306094812093
0.5471500678690895
0.024380677350298807
0.5715307452193883
0.5959114225696871
0.1674421677890754
0.7633535903587625
0.9307957581478379
0.6941493485066004
0.6249451066544383
0.3190944551610386
0.9440395618154769
0.2631340169765155
0.20717357879199239
0.4703075957685079
0.6774811745605003
0.14778877032900817
0.8252699448895084
0.9730587152185166
0.7983286601080251
0.7713873753265417
0.5697160354345667
0.3411034107611084
0.9108194461956751
0.2519228569567835
0.16274230315245863
0.41466516010924215
0.5774074632617008
0.9920726233709429
0.5694800866326437
0.5615527100035866
0.13103279663623035
0.692585506639817
0.8236183032760473
0.5162038099158643
0.3398221131919117
0.856025923107776
0.19584803629968772
0.051873959407463754
0.24772199570715148
0.29959595511461523
0.5473179508217667
0.8469139059363819
0.39423185675814865
0.24114576269453059
0.6353776194526792
0.8765233821472098
0.511901001599889
0.38842438374709887
0.9003253853469879
0.2887497690940868
0.1890751544410747
0.4778249235351615
0.6669000779762362
0.14472500151139767
0.8116250794876338
0.9563500809990315
0.7679751604866654
0.7243252414856969
0.49230040197236224
0.21662564345805913
0.7089260454304214
0.9255516888884805
0.6344777343189019
0.5600294232073824
0.19450715752628422
0.7545365807336666
0.9490437382599508
0.7035803189936174
0.6526240572535682
0.3562043762471856
0.008828433500753796
0.3650328097479394
0.3738612432486932
0.7388940529966326
0.11275529624532576
0.8516493492419583
0.9644046454872841
0.8160539947292424
0.7804586402165266
0.596512634945769
0.37697127516229556
0.9734839101080646
0.3504551852703601
0.3239390953784247
0.6743942806487848
0.9983333760272095
0.6727276566759943
0.6710610327032038
0.34378868937919815
0.014849722082401984
0.35863841146160014
0.3734881335440021
0.7321265450056023
0.10561467854960438
0.8377412235552066
0.943355902104811
0.7810971256600177
0.7244530277648287
0.5055501534248463
0.230003181189675
0.7355533346145213
0.9655565158041963
0.7011098504187177
0.666666366222914
0.3677762166416316
0.0344425828645456
0.4022187995061772
0.43666138237072283
0.8388801818769
0.2755415642476229
0.11442174612452294
0.3899633103721458
0.5043850564966688
0.8943483668688146
0.39873342336548334
0.2930817902342979
0.6918152135997813
0.9848970038340792
0.6767122174338605
0.6616092212679396
0.3383214387018001
0.9999306599697397
0.3382520986715398
0.33818275864127956
0.6764348573128194
0.01461761595409894
0.6910524732669183
0.7056700892210173
0.3967225624879356
0.10239265170895284
0.4991152141968884
0.6015078659058413
0.10062308010272969
0.702130946008571
0.8027540261113006
0.5048849721198716
0.30763899823117224
0.8125239703510438
0.12016296858221609
0.9326869389332599
0.052849907515476024
0.985536846448736
0.038386753964211984
0.023923600412947943
0.06231035437715993
0.08623395479010787
0.1485443091672678
0.23477826395737567
0.38332257312464346
0.6181008370820191
0.0014234102066625898
0.6195242472886817
0.6209476574953443
0.24047190478402602
0.8614195622793703
0.10189146706339636
0.9633110293427667
0.06520249640616305
0.028513525748929736
0.09371602215509278
0.12222954790402252
0.2159455700591153
0.3381751179631378
0.5541206880222531
0.8922958059853909
0.44641649400764405
0.338712299993035
0.785128794000679
0.12384109399371401
0.908969887994393
0.03281098198810706
0.9417808699825001
0.9745918519706072
0.9163727219531073
0.8909645739237144
0.8073372958768217
0.6983018698005361
0.5056391656773578
0.20394103547789388
0.7095802011552517
0.9135212366331456
0.6231014377883972
0.5366226744215428
0.15972411220993998
0.6963467866314828
0.8560708988414227
0.5524176854729055
0.4084885843143282
0.9609062697872337
0.3693948541015619
0.3303011238887956
0.6996959779903575
0.029997101879153165
0.7296930798695107
0.7596901817486639
0.4893832616181746
0.24907344336683845
0.738456704985013
0.9875301483518515
0.7259868533368645
0.713517001688716
0.43950385502558054
0.15302085671429655
0.5925247117398771
0.7455455684541736
0.3380702801940507
0.08361584864822436
0.4216861288422751
0.5053019774904994
0.9269881063327745
0.43229008382327394
0.35927819015604845
0.7915682739793224
0.15084646413537084
0.9424147381146932
0.09326120225006407
0.0356759403647573
0.12893714261482137
0.16461308297957866
0.2935502255944
0.4581633085739787
0.7517135341683787
0.2098768427423574
0.9615903769107361
0.17146721965309353
0.13305759656382965
0.3045248162169232
0.4375824127807528
0.742107228997676
0.17968964177842883
0.9217968707761048
0.10148651255453367
0.023283383330638507
0.12476989588517218
0.14805327921581068
0.27282317510098286
0.42087645431679355
0.6936996294177764
0.11457608373456996
0.8082757131523464
0.9228517968869163
0.7311275100392627
0.653979306926179
0.3851068169654417
0.039086123891620694
0.4241929408570624
0.4632790647486831
0.8874720056057455
0.35075107035442854
0.238223075960174
0.5889741463146025
0.8271972222747765
0.4161713685893791
0.24336859086415563
0.6595399594535347
0.9029085503176904
0.5624485097712251
0.4653570600889154
0.02780556986014049
0.4931626299490559
0.5209681998091964
0.014130829758252306
0.5350990295674487
0.549229859325701
0.08432888889314971
0.6335587482188507
0.7178876371120004
0.35144638533085115
0.06933402244285158
0.42078040777370274
0.4901144302165543
0.9108948379902571
0.4010092682068114
0.31190410619706843
0.7129133744038798
0.02481748060094824
0.737730855004828
0.7625483356057763
0.5002791906106043
0.2628275262163806
0.7631067168269849
0.025934243043365557
0.7890409598703505
0.8149752029137161
0.6040161627840666
0.4189913656977826
0.02300752848184917
0.4419988941796318
0.46500642266148096
0.9070053168411127
0.3720117395025937
0.27901705634370644
0.6510287958463001
0.9300458521900066
0.5810746480363067
0.5111205002263133
0.09219514826261999
0.6033156484889333
0.6955107967515533
0.2988264452404865
0.9943372419920398
0.2931636872325263
0.28750092922456605
0.5806646164570923
0.8681655456816584
0.4488301621387507
0.3169957078204091
0.7658258699591598
0.08282157777956889
0.8486474477387287
0.9314690255182976
0.7801164732570263
0.7115854987753238
0.4917019720323501
0.20328747080767395
0.6949894428400241
0.898276913647698
0.5932663564877221
0.4915432701354201
0.08480962662314218
0.5763528967585623
0.6611625233817044
0.23751542014026672
0.8986779435219712
0.1361933636622379
0.034871307184209055
0.17106467084644694
0.205935978030656
0.37700064887710294
0.5829366269077589
0.9599372757848619
0.5428739026926208
0.5028111784774827
0.0456850811701035
0.5484962596475862
0.5941813408176897
0.1426776004652759
0.7368589412829656
0.8795365417482415
0.6163954830312071
0.49593202477944853
0.11232750781065559
0.6082595325901041
0.7205870404007597
0.32884657299086384
0.049433613391623554
0.3782801863824874
0.42771379977411095
0.8059939861565983
0.2337077859307093
0.03970177208730763
0.2734095580180169
0.31311133010532455
0.5865208881233415
0.899632218228666
0.4861531063520075
0.3857853245806735
0.871938430932681
0.25772375551335447
0.12966218644603544
0.3873859419593899
0.5170481284054254
0.9044340703648153
0.4214821987702406
0.3259162691350559
0.7473984679052965
0.0733147370403524
0.8207132049456489
0.8940279419860013
0.7147411469316503
0.6087690889176516
0.32351023584930183
0.9322793247669534
0.25578956061625524
0.18806888538320865
0.4438584459994639
0.6319273313826725
0.07578577738213643
0.707713108764809
0.7834988861469454
0.4912119949117544
0.2747108810586998
0.7659228759704542
0.04063375702915395
0.8065566329996081
0.8471903900287621
0.6537470230283702
0.5009374130571322
0.15468443608550242
0.6556218491426347
0.8103062852281371
0.46592813437077174
0.2762344195989088
0.7421625539696806
0.01839697356858938
0.7605595275382699
0.7789565011068593
0.5395160286451293
0.3184725297519886
0.8579885583971179
0.17646108814910644
0.03444964654622429
0.21091073469533073
0.24536038124155501
0.45627111593688574
0.7016314971784408
0.1579026131153265
0.8595341102937673
0.017436723409093746
0.876970833702861
0.8944075571119547
0.7713783908148157
0.6657859479267705
0.4371643387415862
0.1029502866683567
0.5401146254099429
0.6430649120782996
0.18317953748824256
0.8262444495665422
0.009423987054784755
0.835668436621327
0.8450924236761117
0.6807608602974387
0.5258532839735504
0.206614144270989
0.7324674282445394
0.9390815725155284
0.6715490007600677
0.6106305732755961
0.28217957403566385
0.89281014731126
0.1749897213469238
0.06779986865818377
0.24278959000510758
0.31058945866329135
0.5533790486683989
0.8639685073316903
0.4173475560000892
0.2813160633317795
0.6986636193318687
0.9799796826636482
0.6786433019955169
0.6586229846591651
0.33726628665468206
0.9958892713138472
0.33315555796852925
0.32904482928237644
0.6622003872509057
0.9912452165332821
0.6534456037841878
0.6446908203174699
0.29813642410165775
0.9428272444191277
0.24096366852078543
0.18379091293991312
0.42475458146069855
0.6085454944006117
0.03330007586131023
0.6418455702619219
0.6751456461232321
0.31699121638515404
0.9921368625083862
0.3091280788935402
0.3012649414019264
0.6103930202954666
0.911657961697393
0.5220509819928596
0.4337089436902526
0.9557599256831122
0.3894688693733648
0.34522879505647697
0.7346976644298417
0.07992645948631871
0.8146241239161605
0.8945505834024792
0.7091747073186396
0.6037252907211188
0.31289999803975843
0.9166252887608772
0.22952528680063566
0.1461505755615129
0.37567586236214856
0.5218264379236615
0.89750230028581
0.4193287382094715
0.3168310384952815
0.736159776704753
0.05299081520003446
0.7891505919047874
0.8421414071048219
0.6312919990096093
0.4734334061144312
0.1047254051240405
0.5781588112384717
0.6828842163625122
0.26104302760098386
0.943927243963496
0.2049702715644799
0.14889751552797592
0.3538677870924558
0.5027653026204317
0.8566330897128875
0.35939839233331927
0.2160314820462068
0.5754298743795261
0.7914613564257329
0.366891230805259
0.15835258723099188
0.5252438180362509
0.6835964052672427
0.2088402233034936
0.8924366285707364
0.10127685187422997
0.9937134804449663
0.09499033231919629
0.08870381276416262
0.1836941450833589
0.2723979578475215
0.4560921029308804
0.728490060778402
0.18458216370928238
0.9130722244876843
0.0976543881969667
0.010726612684651027
0.10838100088161773
0.11910761356626876
0.22748861444788648
0.34659622801415524
0.5740848424620417
0.920681070476197
0.4947659129382387
0.41544698341443564
0.9102128963526743
0.32565987976710997
0.2358727761197843
0.5615326558868943
0.7974054320066786
0.35893808789357284
0.15634351990025142
0.5152816077938243
0.6716251276940757
0.18690673548789993
0.8585318631819756
0.04543859866987554
0.9039704618518511
0.9494090605217267
0.8533795223735778
0.8027885828953045
0.6561681052688824
0.4589566881641869
0.11512479343306925
0.5740814815972561
0.6892062750303254
0.2632877566275815
0.9524940316579069
0.21578178828548844
0.16827581994339535
0.3840576082288838
0.5523334281722792
0.936391036401163
0.4887244645734421
0.42511550097460504
0.9138399655480471
0.3389554665226522
0.2527954320706993
0.5917508985933515
0.8445463306640508
0.43629722925740233
0.28084355992145316
0.7171407891788555
0.9979843491003086
0.7151251382791641
0.7131094873794728
0.4282346256586369
0.14134411303810968
0.5695787386967466
0.7109228517348563
0.28050159043160283
0.9914244421664591
0.2719260325980619
0.263350474764521
0.5352765073625829
0.7986269821271039
0.33390348948968684
0.13253047161679077
0.4664339611064776
0.5989644327232684
0.065398393829746
0.6643628265530144
0.7297612203827604
0.39412404693577474
0.12388526731853511
0.5180093142543098
0.641894581572845
0.1599038958271548
0.8017984773999998
0.9617023732271546
0.7635008506271543
0.7252032238543089
0.48870407448146325
0.21390729833577216
0.7026113728172354
0.9165186711530076
0.619130043970243
0.5356487151232505
0.15477875909349348
0.690427474216744
0.8452062333102375
0.5356337075269815
0.38083994083721895
0.9164736483642004
0.29731358920141937
0.2137872375656198
0.5111008267670392
0.724888064332659
0.23598889109969812
0.9608769554323571
0.1968658465320552
0.15774280196441226
0.35460864849646745
0.5123514504608797
0.8669600989573472
0.37931154941822687
0.24627164837557403
0.6255831977938009
0.8718548461693749
0.4974380439631758
0.36929289013255073
0.8667309340957265
0.23602382422827728
0.10275475832400383
0.3387785825522811
0.44153334087628493
0.780311923428566
0.22184526430485096
0.0021571877334169987
0.22400245203826796
0.22615963977168496
0.4501620918099529
0.6763217315816379
0.1264838233915908
0.8028055549732287
0.9292893783648195
0.7320949333380482
0.6613843117028677
0.3934792450409159
0.054863556743783626
0.44834280178469954
0.5032063585284832
0.9515491603131827
0.4547555188416659
0.4063046791548486
0.8610601979965145
0.26736487715136303
0.1284250751478775
0.3957899522992405
0.524215027447118
0.9200049797463585
0.44422000719347654
0.36422498693983507
0.8084449941333116
0.17266998107314668
0.9811149752064583
0.15378495627960498
0.13489993148606327
0.28868488776566825
0.4235848192517315
0.7122697070173998
0.1358545262691313
0.8481242332865311
0.9839787595556624
0.8321029928421935
0.8160817523978559
0.6481847452400493
0.4642664976379052
0.1124512428779545
0.5767177405158597
0.6891689833938142
0.2658867239096738
0.955055707303488
0.22094243121316182
0.1759981385166498
0.3969405697298116
0.5729387082464614
0.969879277976273
0.5428179862227345
0.5126972641990075
0.05551525042174199
0.5682125146207495
0.6237277650424915
0.191940279663241
0.8156680447057325
0.007608324368973518
0.823276369074706
0.8308846934436795
0.6541610625183856
0.4850457559620651
0.1392068184804507
0.6242525744425158
0.7634593929229665
0.3877119673654823
0.1511713602884488
0.5388833276539311
0.6900546879423799
0.228938015596311
0.9189927035386909
0.1479307191350019
0.06692342267369278
0.21485414180869467
0.28177756448238744
0.4966317062910821
0.7784092707734696
0.27504097706455166
0.053450247838021214
0.3284912249025729
0.3819414727405941
0.710432697643167
0.09237417038376106
0.802806868026928
0.8951810384106891
0.6979879064376171
0.5931689448483062
0.2911568512859233
0.8843257961342295
0.17548264742015274
0.059808443554382196
0.23529109097453493
0.29509953452891713
0.5303906255034521
0.8254901600323692
0.35588078553582125
0.18137094556819044
0.5372517311040117
0.7186226766722021
0.25587440777621384
0.974497084448416
0.23037149222462983
0.2048685766730458
0.43524006889767564
0.6401086455707214
0.07534871446839708
0.7154573600391185
0.7908060745075156
0.5062634345466341
0.29706950905414975
0.8033329436007839
0.10040245265493364
0.9037353962557175
0.004137848910651165
0.9078732451663687
0.9120110940770199
0.8198843392433885
0.7318954333204084
0.551779772563797
0.28367520588420536
0.8354549784480023
0.11913018433220768
0.95458516278021
0.07371534711241767
0.028300509892627668
0.10201585700504534
0.130316366897673
0.23233222390271835
0.36264859080039136
0.5949808147031097
0.9576294055035011
0.5526102202066108
0.5102396257101118
0.0628498459167226
0.5730894716268344
0.635939317543557
0.20902878917039147
0.8449681067139485
0.05399689588433998
0.8989650025982885
0.9529618984826285
0.851926901080917
0.8048887995635454
0.6568157006444624
0.4617045002080078
0.11852020085247017
0.580224701060478
0.6987449019129481
0.2789696029734261
0.9777145048863742
0.25668410785980034
0.23439861274617457
0.4910827206059749
0.7254813333521495
0.2165640539581244
0.9420453873102739
0.15860944126839827
0.10065482857867214
0.2592642698470704
0.35991909842574255
0.619183368272813
0.9791024666985555
0.5982858349713684
0.5773883016699239
0.1756741366412924
0.7530624383112163
0.9287365749525087
0.681799013263725
0.6105355882162338
0.2923346014799588
0.9028701896961926
0.19520479117615142
0.09807498087234401
0.2932797720484954
0.39135475292083943
0.6846345249693349
0.07598927789017429
0.7606238028595091
0.8366130807496834
0.5972368836091926
0.433849964358876
0.0310868479680686
0.4649368123269446
0.4960236602950132
0.9609604726219578
0.45698413291697104
0.41794460553892887
0.8749287384558999
0.2928733439948288
0.1678020824507287
0.4606754264455575
0.6284775088962862
0.08915293534184365
