0.07093295998797655
0.6765483108439438
0.06551961092123237
0.6155422503834758
0.6170164996774352
0.6199157350060318
0.606366789411272
0.6427678807718638
0.05709957638274754
0.916733158050857
0.13005055905575724
0.015170221599948186
0.6026958191428637
0.8003628106334267
0.9238259844239273
0.5921448543022676
0.32836573404362934
0.6209170924688987
0.5159319836829385
0.845320621189533
0.4572771575195391
0.17078136648201392
0.7982487317255387
0.4509317403946038
0.361328117248213
0.5094053768124632
0.640774446103791
0.18263464922208983
0.47225084076625967
0.9201489099930251
0.9979605018558069
0.22356327775519746
0.5800343533059473
0.42174987971008315
0.6845453633897688
0.46807849326929685
0.7810808713955952
0.400860361215264
0.8955070029667862
0.414320258029237
0.7585519638544328
0.9897379297835339
0.9020918201089325
0.16045020531462395
0.670328843344861
0.5425623402707269
0.19063904567724543
0.19921889659232106
0.7929354738565328
0.0062138926030873565
0.35547970316866784
0.21740966093862069
0.3737828948102895
0.5826278485266104
0.6368381636549549
0.10067587784383492
0.12809556734136063
0.737883061905236
0.7506395099427258
0.04696799615406455
0.8427216655343377
0.4608023546782517
0.021788235531905897
0.051636114857105175
0.9494972854556668
0.9373800260745988
0.04666925767578878
0.18167473420471847
0.5339035943301615
0.5739407899241477
0.42825948127083024
0.18990045786043408
0.8945772160192595
0.3273792238132115
0.8771904906477334
0.5739104246015786
0.6393070199379027
0.7048235653060908
0.5672300127381048
0.699984664005171
0.9701050957814291
0.1767476511613959
0.34962166175887677
0.9825896311377178
0.0677275698105545
0.50814882279402
0.0057969347112613034
0.9112027077588394
0.9962982150345658
0.02497697400290655
0.6620205693516219
0.34552022564036045
0.221413601371522
0.38078652328538654
0.33641109547728143
0.14597340603030395
0.5683521932456852
0.3927916246018932
0.40820670669207915
0.8741871120606105
0.5981849469610412
0.21281177375752947
0.22584417182632077
0.1085135114269592
0.1232224816246037
0.5944930045195361
0.20680269973630294
0.8444813244188967
0.9497837757035329
0.23758413707917292
0.18618212247745014
0.4384071911282189
0.971329912564214
0.8468638937517031
0.3888679927069033
0.8836471884974124
0.009667198381494213
0.7806895431090809
0.5198373360057154
0.2030250259393367
0.03744775169370729
0.34256850720253207
0.8145409989667635
0.2399984041196661
0.34388931579057314
0.43737368413485345
0.6619429075848122
0.954973846335443
0.5950249572824716
0.18401283011799607
0.7469470280883957
0.3816704992915263
0.08982818480600419
0.15118702221136082
0.5967486802952888
0.5234660874778475
0.013317769511043243
0.3944142677089081
0.1990010916438264
0.2677972702627607
0.7922968176328297
0.3737682955478454
0.7459312647838003
0.6275643819668068
0.09539111086864804
0.43002276571876485
0.9161902176871939
0.9291402716719184
0.34143147778634175
0.7482614955257622
0.3813474538390199
0.7719844834239329
0.5131500835749998
0.33577332900972323
0.3372921860418189
0.26595021022799537
0.4288004159024912
0.1876160689665879
0.8456891805468012
0.5475576775838661
0.37319486570861504
0.5884225477917611
0.8055413081812535
0.32877364756623084
0.8197740943714471
0.018003182430544107
0.7076119833481403
0.294120434621141
0.037215426524775275
0.33797138453514786
0.08019076467787267
0.5399640848351065
0.4587828693312368
0.36921862655422977
0.42831121697201247
0.5165809628843342
0.34228522028358677
0.8573308234846836
0.8150087842177433
0.7123764069131294
0.36863025026443064
0.5078361198864717
0.8681420713183962
0.9425785613525333
0.011901071614042968
0.5644720837450979
0.3606381721741002
0.30989858337218446
0.4365476849314598
0.6104878825192376
0.16770515220813786
0.09089793583900652
0.5661134370631647
0.42237049667326276
0.7576106037273145
0.6922911997877704
0.8821718656429418
0.5386568371146048
0.6005188478411708
0.9282794746146737
0.27751733522553934
0.31989928015860103
0.3331748711485034
0.3552483429055594
0.8904292030887352
0.5090131569225717
0.5609710227441654
0.6525140816505695
0.580062326012059
0.7744296310981114
0.5376431175083421
0.8223510705527622
0.5843982300875254
0.9741679996243208
0.25186111383377185
0.1842420095841617
0.760890427787003
0.24288155266041556
0.4760800485972474
0.09221360011443147
0.543836209427701
0.25529829844125274
0.37298966700226566
0.008384014213038027
0.6439125172902934
0.8791527162052618
0.8425592546294168
0.6655322096470441
0.5866969231561475
0.26595027719280295
0.13739275508693216
0.38304809761244263
0.4964073919173283
0.08748539704286584
0.6162722206539529
0.3561296680151692
0.45746219052399073
0.5828769843758997
0.7891827531944613
0.882352924916026
0.6318039944489844
0.8817399744232663
0.13406551382262388
0.4987948074449253
0.9634117171995681
0.860029595597326
0.4074682422154444
0.9636897010192524
0.3455623405465882
0.9043203030593628
0.8438823243503355
0.280116213899791
0.7998160936049433
0.09261423425511517
0.6115844935098866
0.24404888924036172
0.003321849407249333
0.26950133622362116
0.3910750021575209
0.7858042276559605
0.751312038972526
0.5854527872113013
0.3995152467887775
0.629781778029684
0.1810572379426023
0.055147225014598344
0.8328622523302509
0.29836774647726705
0.20151540053874795
0.07627493538661789
0.9581662379003928
0.1632569240335574
0.023778328788634173
0.35669160993661175
0.2649937060122902
0.13331157556705997
0.7078356878795554
0.47881068367073787
0.9930371637683606
0.6281871368425841
0.9579266467309939
0.9222945337808905
0.7294684316436503
0.9615582301603329
0.5380684014628785
0.9785013725339786
0.09797927091711722
0.324922065253175
0.7692684374562845
0.22692650400676428
0.9938393488707886
0.14241568572980656
0.6040264060448534
0.0749059892412941
0.5746338878331964
0.18953950875000225
0.4237846209429533
0.513095683634455
0.9236752757425541
0.882591430702732
0.8925553210983862
0.9910887000066709
0.4758972803452478
0.7644767631920356
0.4631535494390462
0.0036363464517984445
0.9512875135294809
0.3115227945906932
0.596453811821852
0.8605965341118716
0.4141058753572445
0.7145098468197847
0.4703578750262989
0.7640324836585985
0.052286625650234564
0.8927978918589669
0.5855618045866859
0.797936780378631
0.5007766398554827
0.5228529164192919
0.31370232406701204
0.49666807271553615
0.7056675683646507
0.4789676636143301
0.6181804894991989
0.8939548772469328
0.3864948716993718
0.5162042582929369
0.1335297724545862
0.05186089051367504
0.08011429369980405
0.859707853677869
0.3331858457022493
0.4359618315078305
0.4058775901968791
0.23231466037640924
0.9832607464908976
0.6140374847564433
0.5171078181293997
0.6259781245761846
0.39947937586571236
0.372306663473574
0.6138180431228897
0.39468379757230954
0.7241073208228124
0.37126060498026403
0.9024208978789199
0.21385614352537252
0.1611893108584428
0.3771902344213105
0.1953942935851971
0.7344978892997189
0.4041976413168876
0.8870339527911054
0.9599054574163592
0.2796720514160188
0.13970962223742234
0.48355281335373
0.9584015538455329
0.6376512937524002
0.6676207430656977
0.40437133715263585
0.9868250539765533
0.5499998668942417
0.43824823012889336
0.7836949914503821
0.5405992027988822
0.2984665329310954
0.5292610771102744
0.3043536903467169
0.5166814224907424
0.6569279574426725
0.9890903257832648
0.2974558774469781
0.4107792186910334
0.7951826380065113
0.36539162605556597
0.17225777811045362
0.8614639354630564
0.08928843033914846
0.7430324800772246
0.12626209525337795
0.38612652206357334
0.9653062336748061
0.3067772346743013
0.8996385780324854
0.18127952385671864
0.4840157853878797
0.22241513761412957
0.8265112633380831
0.7439592128968394
0.5569744713533028
0.6812571564770745
0.7533855940666928
0.7722500177408256
0.09791199557933083
0.8594174889862422
0.4059573673498713
0.44141285353128534
0.6194121668580972
0.06505228529854146
0.629678092497788
0.9929101213055505
0.48249039146996653
0.6125654724961124
0.3415725917280935
0.7957276185663094
0.8192208783869169
0.5176850633527326
0.4299085005112445
0.3518055917511437
0.5240004894513524
0.058139388773155165
0.11178963773271455
0.9902912346649129
0.9612819499408226
0.8530186934192137
0.9084516236842525
0.15888664268916797
0.485831384154219
0.777282170894711
0.9805753420608697
0.5690076576721966
0.2574709922968098
0.5598258521454051
0.9155204132761265
0.49683076575440777
0.01446851630163748
0.40403928174841863
0.8440056082324126
0.9725148144028976
0.9668276076160296
0.36686182089467445
0.10872413525034441
0.9971267636540109
0.22049597660642373
0.5106995698187146
0.8138296529269609
0.3448692791707808
0.19513793143964087
0.8266852809872555
0.9816211733569693
0.12954492831675035
0.5294272565667687
0.7421233236367675
0.34980241808787604
0.5071755762749204
0.947800395269884
0.39377258921966407
0.019376720463950337
0.77305859985269
0.8603624732823842
0.15071475727410721
0.9025232327109141
0.42300794003302655
0.39494324049798035
0.12750572249187309
0.2970188160166872
0.857697464908609
0.13286864629322837
0.5227831672283294
0.03319258157212257
0.19192149492804966
0.23204581361121424
0.19687751362113315
0.8300728107483221
0.7274949256258775
0.6126882691451501
0.4534741139789269
0.7312911306556484
0.4861169814949676
0.019816097176740044
0.7767903489486926
0.5004068167700422
0.5415447466900956
0.4084129179303385
0.13970197039853016
0.07745608805079285
0.6799845451227498
0.5469512584786217
0.9725409010910057
0.8704702299376145
0.7549547249974865
0.4046690297503327
0.385570275414723
0.4783958890465996
0.07271857073919608
0.16548647833703156
0.7952289854732854
0.905946568160029
0.42808058789496317
0.42748680904860814
0.36752282649925805
0.7696217916590219
0.1799827821608737
0.44805019178273653
0.06209791829337685
0.008940298639903976
0.4270211664758532
0.9708171722780721
0.5467037840419133
0.868544572462038
0.9059687647473921
0.8478476578958416
0.7128333925671677
0.28180016664768326
0.7213661642182488
0.8269602872742935
0.7332129241173432
0.2825796819501877
0.1693638818418236
0.5534754841997602
0.23949748392932813
0.5030053483358571
0.7949066084051694
0.048451912769307603
0.9343724415969703
0.5165375193273976
0.20096307407063996
0.7583716267839418
0.07515142661996443
0.9372801069715238
0.08205371591523569
0.4849035263196606
0.26815643935659184
0.49117265892462547
0.9773633765455817
0.6582717879048128
0.7034605459774352
0.959627325525301
0.031239153088220006
0.9914012372636231
0.30307308104578967
0.27938584111344045
0.7392134329826944
0.4071120282047841
0.8416304837872854
0.592769832319406
0.012452616676234651
0.04737431392259195
0.2382684029843961
0.04411856935515002
0.10215232565890464
0.788059828605321
0.9022246492993901
0.3504523664410911
0.7698991704962613
0.5616010621854128
0.48491933617755756
0.8403881159982345
0.39259877142338206
0.47315613318383987
0.5806499641508601
0.2895806693556576
0.02193786216044924
0.3012561248121397
0.8314765660730602
0.0859578857937282
0.853943292164671
0.2869625644827022
0.7071156992291008
0.05069602806133111
0.5681504650314645
0.4926571771547633
0.05280307466006873
0.7583068613732373
0.724375109379886
0.9914366220795896
0.9690157935441858
0.4426153922567607
0.9444635667037015
0.646720057026858
0.98269937048683
0.8904919107626016
0.09229533073913665
0.3229501444908105
0.19601634601454332
0.3903136301896015
0.1016069097497877
0.3263665023231366
0.35675260052152236
0.9692383121736332
0.051640691867492206
0.36751096219862567
0.06210200555659373
0.6950044857816315
0.7024619425092791
0.77590857796355
0.5250623457584707
0.3744460974248828
0.23816992256935077
0.5073001574753024
0.8448488145507823
0.9684073240205356
0.3474726142537946
0.45096347922870783
0.5842427365404502
0.21325590635884184
0.7385500033964805
0.8864622957010662
0.20407084618424376
0.7755411705543379
0.6316438092390153
0.9057735542775531
0.06784440968909733
0.652731501805944
0.16278211383715757
0.07530698636825783
0.1999815917650809
0.6936131616201132
0.8969584796015598
0.9116210548823103
0.15569971788299541
0.7974893271544656
0.35504305466009123
0.24303185400733407
0.8217155532628418
0.5066120934100139
0.8078849860721792
0.4597188679903149
0.8365180509486625
0.5578105077686392
0.4557969513291804
0.34676142697737555
0.4161312136407762
0.3183612677114205
0.693059424877992
0.27454744307476475
0.24122734451774897
0.4584279639527956
0.5447208411541598
0.20177350326496712
0.6662780625341322
0.9957120906571357
0.7467984666763117
0.7668041811905113
0.5277083068381136
0.5792952988057554
0.6372339464451445
0.17775014597184802
0.7798742341484318
0.07021876367631352
0.7915863569099145
0.32755052848631583
0.5062335858630312
0.30772118204894483
0.9460911328195779
0.7345088258973491
0.12360462952271123
0.6991883335120471
0.23687400767950995
0.4073462989995166
0.41037932778092556
0.26743441908405097
0.8583314763151845
0.8823416266750403
0.054258072274044
0.8866686397765531
0.995753615837183
0.38210483086565405
0.4436944442030599
0.6063742326682371
0.9888439992147716
0.274192817301129
0.12303294860370506
0.08127370309895532
0.12749642434017128
0.6684739529721769
0.312154820259293
0.5173700635553299
0.10955765670090112
0.6694051202803212
0.9480896333762917
0.41322498780753636
0.6478974784624266
0.6554894873085507
0.9830533276721114
0.8777522836549316
0.24324746188487
0.8001883756397365
0.051510839391750274
0.9688976367211597
0.554293366580047
0.7469312280883954
0.3268225465639626
0.7932457300266981
0.34139549691294
0.7638402132553463
0.25173579255641965
0.8170207143399434
0.7419655778148384
0.16204433652309336
0.14049091242572853
0.8613718571248818
0.07556230592514401
0.45276613330498827
0.6349699487868861
0.4820797156509362
0.8077037555454706
0.3770782755612735
0.6442792662048433
0.9737208428605528
0.15799311637969093
0.5843434212514107
0.054572101528892136
0.39952076804295567
0.38157095241276495
0.6554658332605787
0.48528437716148787
0.26807369549886395
0.548174968702247
0.8744400989181668
0.6408118352565091
0.6745841526921298
0.11272944178456767
0.47561148968238554
0.3004301761581677
0.22836891786584235
0.22926240713970558
0.26237261110190657
0.5421381403748918
0.4796491944275877
0.060750622087187844
0.2379003153695285
0.7247992598978936
0.7187209741128824
0.9626617500719681
0.5551177932157496
0.42267911907059286
0.6000985030284227
0.22317935020073232
0.8976198640604102
0.03611813626521709
0.7977954294677796
0.839523296631152
0.4619007761721692
0.4885320482162411
0.6041899051677607
0.42879665139397605
0.969839681934753
0.276935761910188
0.570498448316572
0.2525711508939946
0.5626423298069821
0.1724362404843135
0.6533131850286338
0.15783941191935236
0.4534807470620632
0.9162596705238533
0.5198642992076601
0.47703531981237546
0.11113371968162877
0.63173810473095
0.11144081442096299
0.8616520561170912
0.3121856104978189
0.6532652203851702
0.6642650981943587
0.6956344513490851
0.1984377512819656
0.7576620600747163
0.4462020145169615
0.8291107301594874
0.420589827686072
0.8649410686921333
0.0870146802440569
0.7700310077457766
0.5535345461671374
0.9261367831873121
0.17715809133205584
0.32795565898003554
0.13269158041744566
0.4218969400889988
0.17372992240180407
0.18125695893947047
0.6955640597864592
0.8298324475500689
0.315073809969017
0.9953029081066403
0.38426489376582373
0.6514160247084557
0.7625325097875981
0.27217030527887043
0.30086370413254426
0.6653101686142437
0.9355145917635491
0.6929340929501993
0.6047955044839128
0.9344619151572373
0.5122617108986478
0.538072705475173
0.35747011112888805
0.5748785391700353
0.12187978243135078
0.8047258937080656
0.9771388571994172
0.9035074548636822
0.9708823475653802
0.725923260573551
0.6595718123499373
0.08670758069730466
0.2850135145420095
0.9809744235541125
0.45126818115606115
0.24649262867288624
0.6563642560145329
0.8216834194907253
0.8049793506635832
0.6603284886251864
0.9866691636919706
0.022130269679754178
0.7130347858532909
0.9590566737636452
0.7313523887337798
0.4119879307462715
0.22946027531938973
0.8929904269416026
0.8109278549238
0.910943486023676
0.27611462542960097
0.5895361178697894
0.13968714488090483
0.0900364951359155
0.2197395397040418
0.6208493984759462
0.4675064675766448
0.04733475155278921
0.06456978481347031
0.8301767392728894
0.7802622555541587
0.20887360983763337
0.05051651887287101
0.07707282755170375
0.258619351942869
0.33904172702491386
0.8777354416601918
0.19441267064422074
0.29104758085013505
0.1332483642344835
0.2591178747005408
0.8694916441074486
0.6180821503506444
0.7284231809647291
0.9675983698266225
0.8237004762188418
0.5807967700089253
0.13993069295217941
0.5188572959434619
0.5053737455196952
0.3252126452418489
0.7912860983282689
0.05686168751427223
0.4001237845440213
0.3004109777138465
0.882080168447978
0.8219619237528032
0.17093359791151475
0.606434442011799
0.05020433255080303
0.6361226218394146
0.22041735226104098
0.7031143055389617
0.5483533867666832
0.6756861246012041
0.20984215012824758
0.7975596731998962
0.22400382755871162
0.8246544842165879
0.11051137262534994
0.8563975528693233
0.24934085880833723
0.1574113057248011
0.3974859237900499
0.8138876395272165
0.8397820772186049
0.3540831966315351
0.6527393065707847
0.3443908232470856
0.787057205940786
0.048381654333731317
0.7300061836881375
0.2881185429794346
0.7239450348811048
0.9865647798858052
0.20205099957661488
0.37990480845857055
0.4921091940453902
0.27690929919297824
0.2893587930950182
0.13322635713598008
0.7379195884049906
0.7182208337941022
0.9285631011875722
0.8988296519677348
0.813630190044421
0.06772426581797653
0.4348052565407373
0.22177225169525328
0.06209016096786435
0.09890927163140029
0.7149074818561382
0.6485545109212649
0.45836454433631957
0.626587449355873
0.6233652020688915
0.2707010122525967
0.09435599155651853
0.9603352784108241
0.07341863760480738
0.5969084763938562
0.35395963008587616
0.6737167347263747
0.6601643501254202
0.5780492466319546
0.028131687139923756
0.6856717918287729
0.7431189370310124
0.8572683721062173
0.5460076614733395
0.649627715569871
0.7892307387892377
0.7450651786374011
0.9343108112550471
0.10847806465248933
0.2589791157856757
0.36747117078975156
0.22354184082091988
0.39937635126496074
0.008570100998482433
0.4046103343529739
0.5348759776020704
0.8503856585695224
0.8204555358390713
0.49957743075677863
0.16625150373119457
0.5348034415747143
0.10886119594154409
0.510423406562896
0.464743824868582
0.10886457576926045
0.1874711956035987
0.07686463825629164
0.3463910117132233
0.7738340986521576
0.18846642155977378
0.4122669311624507
0.543038050573792
0.997758189422171
0.03170141259447379
0.47357685610647093
0.00826239864911782
0.24589708586724346
0.28516082965769385
0.6438224806026818
0.7470302177617617
0.7765269910993889
0.8301515017950161
0.32959245227412337
0.6975334242459394
0.11840362955252037
0.584544583016552
0.589941845358631
0.5344866832070937
0.9489797510633668
0.9248879273295612
0.38910704264748575
0.3339865159322071
0.21085154708453147
0.6377950033671758
0.24418426035734797
0.3778063887845333
0.14864331802849773
0.12862934912072777
0.4099609883945635
0.9227858435530217
0.5570478654739285
0.7629074570155239
0.4171818586112599
0.9494057078403318
0.05759724259899812
0.5403637805785999
0.549488355359491
0.13785544753717782
0.4497507179714627
0.11862271744309771
0.20168351741447899
0.9929441735914971
0.6820202646854692
0.6716070657504059
0.6048540053899856
0.3358514557433674
0.19214361928947565
0.563983476302574
0.48173522047674944
0.634078060705525
0.4767944350970994
0.286921354732688
0.35383609327826593
0.6192318827948141
0.3698682810941968
