0.2623200000000001
0.026467200000000357
0.32834291200000104
0.22189501952000312
0.9068092577792093
0.9341554030264594
0.015099992958319763
0.2946959791566265
0.12230009830361444
0.6120082909786988
0.061544541296948196
0.43217184223896665
0.5292286530273413
0.8165168129609304
0.666889766364354
0.22399370843848798
0.9130213769779244
0.9525432758546564
0.06952809652978287
0.45580316572815727
0.5991773705553456
0.02356501684382284
0.3197524498577156
0.19646725157883815
0.8315430646733609
0.7113674714331482
0.3556477154421187
0.3027172377086713
0.14604302361766708
0.6822873499082945
0.26957055572855193
0.04792884495651384
0.391869381071281
0.4099333679709918
0.4634027691941356
0.6216721968146413
0.09014970257133825
0.5168431196111613
0.7798556340490372
0.55837267678515
0.902783123284044
0.9222380449207703
0.97982461296548
0.15028085437782046
0.6948313289583485
0.3067007337167116
0.1578341718014662
0.71718914853234
0.3728798796557262
0.3537244437809497
0.29702435359161106
0.12919208663116866
0.6324085764282592
0.12192938622764693
0.6109109832338349
0.05829651037215111
0.4225576707015673
0.5007707052766392
0.7322812876188523
0.41755261135180266
0.48595572960133593
0.6884289596199544
0.2877497204750652
0.10173917260619292
0.5511479509143311
0.88139793470642
0.8589378867310034
0.7924561447237699
0.5956701883823587
0.013183757611781921
0.2890239225308745
0.10551081069138846
0.5623119996465098
0.914443518953669
0.9567528161028602
0.0819883356644664
0.4926854735668205
0.7083490017577887
0.34671304520305446
0.2762706138010411
0.06776101685108182
0.4505726098792022
0.5836949252424386
0.9777369787176182
0.1441014570041501
0.6765403127322843
0.25255932568756156
0.9975756040351822
0.20282378794413924
0.8503584123146521
0.7670609004513702
0.520500265336056
0.7906807853947257
0.5904151247683882
0.997628769314429
0.20298115717070964
0.8508242252253005
0.7684397066668898
0.5245815317339937
0.8027613339326214
0.6261735484405593
0.10347370338405515
0.5562821620168032
0.8965951995697377
0.9039217907264234
0.9256085005502133
0.9898011616286313
0.17981143842074854
0.7822418577254157
0.5654358988672303
0.9236902606470019
0.9841231715151255
0.16300458768477144
0.7324935795469234
0.4181809954588931
0.4878157465583235
0.6939346098126375
0.30404644504540723
0.14997747733440536
0.6939333329098398
0.30404266541312586
0.1499662896228524
0.6939002172836432
0.3039446431595838
0.14967614375236815
0.6930413855070097
0.3014025011007484
0.1421514032582154
0.6707681536443175
0.2354737347871798
0.9470022549700522
0.05312667471135457
0.40725495714560955
0.4554746731510042
0.5982050325269723
0.02068689627983833
0.31123321298832146
0.1712503104454315
0.7569009189184772
0.4904267199986925
0.7016630911961297
0.32692274994054404
0.21769133982401034
0.8943663658790706
0.897324443002049
0.9060803512860653
0.9319978398067534
0.00871360582799019
0.275792273250851
0.06634512882251897
0.44638158131465616
0.5712894806913822
0.9410168628464912
0.03540991402561389
0.3548133455158171
0.30024750272681855
0.13873260807138288
0.6606485198912933
0.205519618878228
0.8583380718795549
0.7906806927634826
0.5904148505799087
0.9976279577165299
0.2029787548409283
0.8508171143291478
0.7684186584142774
0.5245192289062608
0.8025769175625319
0.6256276759850943
0.10185792091587897
0.5514994459110018
0.8824383598965653
0.862017545293833
0.8015719340697456
0.622652924846447
0.09305265754548309
0.5254358663346299
0.8052901643505046
0.6336588864774937
0.12563030397338126
0.6218656997612085
0.09072247129317734
0.518538515027805
0.7848740044823028
0.5732270532676162
0.9467520776721441
0.052386149909546376
0.40506300373225723
0.44898649104748145
0.5790000135005451
0.9638400399616134
0.10296651828637549
0.5547808941276715
0.8921514466179077
0.8907682819890068
0.8866741146874602
0.8745553794748822
0.8386839232456511
0.7325044128071272
0.4182130619090967
0.48791066325092625
0.6942155632227416
0.304878067139315
0.1524390787323724
0.7012196730478223
0.32561023222155416
0.21380628737580043
0.8828666106323693
0.8632851674718132
0.8053240957165668
0.6337593233210379
0.12592759703027223
0.6227456872096058
0.09332723414043276
0.5262486130556809
0.8076958946448156
0.6407798481486542
0.1467083505200164
0.6842567175392485
0.27539988391617554
0.06518365639187973
0.44294362291996403
0.5611131238430935
0.9108948465755569
0.9462487458636484
0.050896287756398984
0.40065301175894097
0.43593291480646523
0.5403614278271371
0.849469826368326
0.764430686050245
0.5127148307087253
0.7676358988978267
0.5222022607375671
0.7957186917831987
0.605327327678268
0.041768889927673136
0.37363591418591247
0.355962305990301
0.3036484257312908
0.14879934016462082
0.6904460468872776
0.29372029878634187
0.1194120844075719
0.6034597698464128
0.03624091874538182
0.3572731194863302
0.3075284336795374
0.16028416369143073
0.7244411245266349
0.39434572859883943
0.41726335665256475
0.4850995356915917
0.6858946256471115
0.28024809191544975
0.07953435206973136
0.4854216821264048
0.6868481790941581
0.28307061011870793
0.0878890059513755
0.5101514576160715
0.7600483145435717
0.499743011048972
0.7292393127049572
0.4085483656066735
0.4593031621957535
0.6095373600994303
0.05423058589431351
0.410522534247168
0.4651467013716173
0.6268342360599872
0.10542933873756244
0.5620708426631849
0.9137296942830271
0.9546398950777601
0.07573408943017013
0.47417290471330353
0.6535517979513785
0.1845133219360804
0.7961594329307979
0.6066319214751617
0.04563048756647836
0.38506624319677596
0.3897960798624569
0.40379639639287235
0.44523733332290205
0.5679025066357901
0.9309914196419387
0.005734602140138545
0.2669744223348101
0.040244290111037806
0.3691230987286719
0.3426043722368688
0.26410894182113154
0.031762467790549476
0.34401690466002643
0.2682900377936783
0.044138511869287855
0.38064999513309206
0.37672398559395237
0.36510299735809904
0.33070487217997324
0.22888642165272088
0.9275038080920538
0.995411271952479
0.1964173649793377
0.8313954003388396
0.7109303850029653
0.3543539396087776
0.29888766124198174
0.13470747727626597
0.6487341327377473
0.17025303290373195
0.7539489773950465
0.48168897308933767
0.6757993603444394
0.25036610661954084
0.9910836755938409
0.18360767975776904
0.7934787320829964
0.5986970469656692
0.022143259018380768
0.31554404669440705
0.18401037821544497
0.7946707195177171
0.6022253297724425
0.03258697612642969
0.3464574493342319
0.2755140500293265
0.0655215880868063
0.4439439007369467
0.5640739461813622
0.919658880696832
0.9721902868626229
0.12768324911336348
0.6279424173755559
0.10870955543164573
0.5717802840776713
0.9424696408699071
0.03971013697492509
0.36754200544577825
0.3379243361195037
0.25025603491373083
0.9907578633446432
0.1826432755001437
0.7906240954804253
0.590247322622059
0.9971320749612946
0.20151094188543217
0.8464723879808792
0.7555582684234023
0.4864524745332708
0.6898993246184815
0.29210200087070515
0.1146219225772871
0.5892808908287698
0.9942714368531584
0.1930434530853491
0.8214086211326334
0.6813695185525948
0.2668537749156803
0.03988717375041362
0.3680660343012243
0.339475461531624
0.25484736613360703
0.004348203755476732
0.26287068311621115
0.028097222023985013
0.33316777719099566
0.23617662048534704
0.9490827966366272
0.059285078044416295
0.42548383101147225
0.5094321397939578
0.7579191337901152
0.4934406360187409
0.7105842826154729
0.3533294765417998
0.2958552505637273
0.12573154166863265
0.6221653633391526
0.09160947548389142
0.5211640474323186
0.792645580399663
0.5962309179830028
0.014843517229688352
0.2939368109998775
0.12005296055963743
0.6053567632565269
0.041856019239319586
0.37389381694838597
0.35672569816722244
0.3059080665749785
0.15548787706193634
0.7102441161033315
0.352322583665861
0.2928748476509486
0.11690954904680795
0.5960522651785516
0.014314704928512612
0.2923715265883973
0.11541971870165613
0.5916423673569021
0.0012614073764303235
0.25373376583423374
0.0010519468693317435
0.25311376273322195
0.9992167376903369
0.2076815435633974
0.8647373689476563
0.8096226120850627
0.6464829317717857
0.16358947804448576
0.7342248550116779
0.4233055708345663
0.5029844896703164
0.7388340894241365
0.436948904695444
0.5433687578985142
0.8583715233796021
0.7907797092036222
0.5907079392427215
0.9984955001584555
0.20554668046902824
0.8584181741883236
0.7909177955974376
0.5911166749684154
0.9997053579065094
0.20912785940326772
0.8690184638336724
0.8222946529476705
0.6839921727251044
0.2746168312663091
0.06286582054827505
0.4360828288228942
0.5408051733157668
0.8507833130146698
0.7683186065234224
0.5242230753093304
0.801700302915618
0.6230328966302294
0.09417737402547921
0.5287650271154185
0.8151444802616388
0.6628276615744508
0.2119698782603745
0.8774308396507086
0.8471952853660971
0.7576980446836474
0.4927862122635962
0.7086471883002448
0.3475956773687243
0.27888320501142405
0.07549428683381532
0.4734630890280933
0.6514507435231562
0.17829420082854242
0.7777508344524855
0.5521424699793571
0.8843417111388971
0.8676514649711353
0.8182483363145607
0.6720150754910996
0.23916462345365463
0.9579272854228177
0.08546476485154031
0.5029757039605594
0.7388080837232556
0.4368719278208366
0.5431409063496764
0.8576970827950421
0.7887833650733245
0.5847987606170406
0.9810043314264403
0.15377282102226308
0.7051675502258987
0.3372959486686602
0.24839600805923423
0.9852521838553333
0.16634646421178667
0.7423855340668886
0.44746118083799
0.5744850952804506
0.9504758820301336
0.06340861080919513
0.43768948799521756
0.5455608844658439
0.864860218018898
0.8099862453359381
0.6475592861943769
0.1667754871353555
0.7436554419206522
0.4512201080851308
0.5856115199319871
0.9834100989986818
0.16089389303609813
0.7262459233868505
0.39968793322507734
0.43307628234622886
0.5319057957448374
0.8244411554047189
0.690345819997968
0.29342362719398496
0.11853393649419552
0.6008604520228187
0.028546937987543153
0.3344989364431277
0.2401168518716581
0.960745881540108
0.09380780935871957
0.5276711157018099
0.8119065024773573
0.6532432473329775
0.18360001210561316
0.7934560358326149
0.5986298660645399
0.021944403551038327
0.31495543451107344
0.18226808615277745
0.7895135350122212
0.5869600636361749
0.9874017883630777
0.1727092935547101
0.7612195089219419
0.503209746408948
0.739500849370486
0.4389225141366384
0.5492106418444496
0.8756634998595707
0.8419639595843291
0.742213320369614
0.44695142829405743
0.57297622775041
0.9460096341412136
0.05018851705799232
0.3985580104916573
0.4297317110553056
0.5220058647237047
0.7951373595821658
0.6036065843632108
0.036675489715103815
0.35855944955670727
0.31133597068785357
0.17155447323604656
0.7578012407786978
0.4930916727049457
0.7095513512066391
0.3502719995716519
0.2868051187320897
0.0989431514469854
0.5428717282830768
0.8569003157179074
0.7864249345250056
0.5778178061940165
0.9603407063342888
0.09260849074949462
0.524121132618504
0.8013985525507719
0.6221397155502846
0.09153355802884233
0.5209393317653733
0.7919804220255051
0.5942620491954953
0.00901566561866618
0.27668637023125187
0.0689916558845054
0.454215301418136
0.5944772921976824
0.009652784905139988
0.2785722433192144
0.07457384022487457
0.4707385670656287
0.6433861585142611
0.15442302920221262
0.7070921664385494
0.3429928126581063
0.2652587254679948
0.035165827385264414
0.3540908490603827
0.2981089132187327
0.1324023831274488
0.6419110540572484
0.1500567200094549
0.6941678912279865
0.30473695803484
0.15202139578312646
0.6999833315180544
0.3219506612934411
0.2029739574285856
0.8508029139886133
0.7683766254062951
0.5243948112026335
0.8022086411597953
0.624537577832994
0.09863123038566224
0.5419484419415602
0.8541673881470182
0.778335468915174
0.5538729879889153
0.8894640444471891
0.8828135715636796
0.8631281718284916
0.8048593886123347
0.6323837902925109
0.12185601926583223
0.6106938170268634
0.05765369839951573
0.4206549472625666
0.495138643897197
0.715610385935703
0.3682067423696811
0.33989195741425604
0.25608019394619785
0.007997374080745523
0.27367222727900675
0.060069792745859996
0.4278065865277456
0.516307496122127
0.778270188521496
0.5536797580236281
0.8888920837499392
0.8811205678998202
0.8581168809834678
0.7900259677110646
0.5884768644247513
0.9918915186972639
0.1859988953439009
0.8005567302179467
0.619647921445122
0.08415784747756128
0.49910722853358136
0.7273573964594009
0.4029778935198265
0.4428145648186863
0.5607311118633114
0.9097640911154017
0.942901709701589
0.040989060716703385
0.371327619721442
0.34912975437546834
0.28342407295138616
0.08893525593610319
0.5132483575708655
0.7692151384097619
0.5268768096928951
0.8095553566909695
0.6462838558052697
0.16300021318359814
0.7324806310234505
0.41814266782941356
0.48770229677506416
0.6935987984541898
0.30305244342440174
0.1470352325362292
0.6852242883072384
0.2782638933894255
0.07366112443269945
0.46803692832079036
0.6353893078295394
0.1307523511754365
0.637026959479292
0.1355998000587042
0.6513754081737644
0.17807120819434274
0.7770907762552545
0.5501886977155532
0.8785585452380376
0.8505332939045913
0.7675785499575905
0.5220325078744676
0.7952162233084241
0.6038400209929353
0.03736646213908834
0.3606047279317015
0.31738999467783646
0.18947438424639595
0.810844177369332
0.6500987650132228
0.17429234443913977
0.7659053395398537
0.5170798050379672
0.780556222912383
0.5604464198206536
0.9089214026691346
0.9404073519006384
0.033605761625889574
0.34947305441263316
0.2844402410613942
0.0919431135417268
0.5221516160835113
0.7955687836071936
0.6048835994772932
0.040455454452787976
0.3697481451802524
0.3444545097335472
0.2695853488112996
0.0479726324814469
0.3919989921450828
0.4103170167494452
0.4645383695783578
0.625033573951939
0.10009937889773957
0.5462941615373091
0.8670307181504351
0.8164109257252878
0.6665763401468521
0.22306596683468216
0.9102752618306592
0.944414775018751
0.04546773405550297
0.3845844928042888
0.38837009870069483
0.39957549215405663
0.43274345677600756
0.5309206320569824
0.8215250708886679
0.6817142098304569
0.2678740610981527
0.04290722085053211
0.37700537371757503
0.36593590620402217
0.33317028236390556
0.23618403579716052
0.9491047459595952
0.05935004804040167
0.42567614219958894
0.5100013809107833
0.7596040874959185
0.4984280989879184
0.7253471730042385
0.3970276320925459
0.42520179099393585
0.5085973013420502
0.7554480119724685
0.4861261154385068
0.6889333016979802
0.2892425730260211
0.10615801615702236
0.5642277278247863
0.9201140743613674
0.9735376601096473
0.13167147392455592
0.6397475628166855
0.14365278593738928
0.6752122463746723
0.24862824926902993
0.9859396178363286
0.1683812687955326
0.7484085556347766
0.4652893246789387
0.6272564010496584
0.10667894710698889
0.5657696834366871
0.9246782629725938
0.9870476583988776
0.1716610688606779
0.7581167638276065
0.49402562092971536
0.7123158379519574
0.3584548803377938
0.3110264457998697
0.17063827956761424
0.7550893075201381
0.4850643502596088
0.685790476768442
0.2799398112345881
0.07862184125438088
0.4827206501129674
0.6788531243343834
0.2594052480297746
0.017839534168132776
0.302805021137673
0.14630286256751202
0.6830564731998355
0.27184716067151315
0.054667595587678974
0.41181608293952976
0.46897560550100814
0.638167792282984
0.13897666515763252
0.6613709288665923
0.20765794944511295
0.8646675303575343
0.8094158898583017
0.6458710339805731
0.16177826058249645
0.7288636513241895
0.4074364079196009
0.45601176744201855
0.5997948316283748
0.0253927016199893
0.32516239679516834
0.21248069451369833
0.8789428557605471
0.8516708530512194
0.7709457250316092
0.531999346093563
0.8247180644369465
0.6911654707333614
0.29584979337075
0.12571538837742002
0.6221175495971633
0.09146794680760317
0.5207451225505053
0.7914055627494958
0.5925604657385075
0.0039789785859820626
0.2617777766145069
0.02486221877894046
0.3235921675856638
0.20783281605356474
0.8651851355185516
0.8109480011349128
0.6504060833593419
0.17520200674365194
0.7685979399612097
0.5250499022851809
0.8041477107641355
0.630277223861841
0.11562058263104946
0.5922369245879064
0.00302129678020302
0.2589430384694009
0.016471393869426754
0.2987553258535032
0.13431576452636929
0.6475746629980531
0.16682100247423737
0.7437901673237426
0.45161889527827803
0.586791930023703
0.9869041128701608
0.17123617409567604
0.7568590753232011
0.49030286295667524
0.7012964743517587
0.3258375640812057
0.21447918968036883
0.8848584014538917
0.8691808683035194
0.8227753701784173
0.6854150957281151
0.2788286833552207
0.07533290273145332
0.4729853920851018
0.6500367605719013
0.17410881129282796
0.7653620814267708
0.5154717610232415
0.7757964126287951
0.5463573813812332
0.8672178488884503
0.8169648327098131
0.668215904821047
0.2279190782702991
0.9246404716800853
0.9869357961730527
0.17132995667223616
0.757136671749819
0.4911245483794642
0.703728663203214
0.3330368430815134
0.2357890555212796
0.9479356043429876
0.055889388855243194
0.41543259101151986
0.4796804693940988
0.6698541894065324
0.23276840064333593
0.9389944659042744
0.02942361907665214
0.33709391246689036
0.24779798090199545
0.9834820234699065
0.1611067894709235
0.7268760968339336
0.40155324662844327
0.43859761002019204
0.5482489256597685
0.8728168199529147
0.8335377870606275
0.7172718496994577
0.3731246751103945
0.3544490383267678
0.2991691534472325
0.1355406942038082
0.6512004548432723
0.17755334633608566
0.7755579051548136
0.5456513992582481
0.8651281418044143
0.8107792997410663
0.6499067272335561
0.17372391261132591
0.7642227813295247
0.5120994327353929
0.7658143208967632
0.516810389854419
0.77975875396908
0.5580859117484769
0.9019342987754915
0.9197255243754547
0.9723875521513459
0.12826715436798386
0.6296707769292322
0.11382549971052747
0.5869234791431612
0.9872934982637571
0.17238875486072125
0.7602707143877349
0.5004013145876951
0.7311878911795775
0.4143161578915495
0.47637582735898665
0.6600724489826004
0.20381444898849743
0.8532907690059524
0.7757406762576191
0.5461924017225526
0.8667295090987557
0.8155193469323168
0.6639372669196577
0.21525431008218687
0.8871527578432732
0.8759721632160886
0.8428776031196223
0.7449177052340823
0.4549564074928836
0.5966709661789353
0.01614605988964879
0.2977923372733604
0.13146531832914676
0.6391373422542744
0.14184653307265238
0.669865737895051
0.23280258416935062
0.9390956491412779
0.029723121458182344
0.33798043951621976
0.25042210096801054
0.9912494188653111
0.18409827984132088
0.7949309083303098
0.6029954886577169
0.034866646426841896
0.353205273423452
0.2954876093334178
0.12464332362691666
0.6189442379356733
0.08207494428959272
0.49294183509719447
0.7091078318876955
0.3489591823875786
0.2829191798672326
0.08744077240700854
0.5088246863247452
0.7561210715212459
0.48811837170288763
0.6948303802405473
0.30669792551202013
0.15782585951557948
0.7171645441661152
0.37280705073170095
0.3535088701658349
0.2963862556908712
0.12730331684497864
0.6268178178611368
0.10538074086896465
0.5619269929721353
0.9133038991975206
0.9533795416246611
0.07200344320899665
0.4631301918986301
0.620865368019945
0.08776148933903727
0.5097740084435503
0.7589310649929086
0.4964359523790094
0.7194504190418678
0.3795732403639285
0.3735367914772283
0.35566890277259566
0.30277995220688325
0.14622865853237443
0.6828368292558283
0.27119701459725176
0.05274316320786521
0.406119763095281
0.4521144987620316
0.5882589163356136
0.991246392353416
0.18408932136611167
0.7949043912436905
0.6029169980813238
0.034634314320718396
0.35251757038932646
0.29345200835240637
0.11861794472312281
0.6011091163804435
0.02928298448611244
