0.012320000000000109
0.036467200000000324
0.10794291200000096
0.3195110195200028
0.9457526177792084
0.7994277486264569
0.3663061359343125
0.08426616236556494
0.24942784060207224
0.7383064081821338
0.18538696821911582
0.5487454259285828
0.6242864607486049
0.8478879238158705
0.5097482544949767
0.508854833305131
0.5062103065831878
0.4983825074862358
0.47521222215925807
0.4066281775914038
0.20361940567055514
0.6027134407848432
0.784031784723136
0.3207340827804823
0.9493728850302277
0.8101437396894737
0.3980254694808423
0.17815538966329303
0.5273399534033474
0.5609262620739082
0.6603417357387682
0.9546115377867539
0.8256501518487913
0.4439244494724224
0.3140163704383703
0.9294884564975759
0.7512858312328246
0.22380606044916052
0.6624659389295151
0.9608991792313646
0.8442615705248393
0.4990142487535243
0.4770821763104318
0.4121632418788781
0.22000319596147921
0.6512094600459785
0.9275800017360962
0.7456368051388447
0.20708494321098003
0.6129714319045009
0.8143954384373226
0.4106104977744751
0.21540707341244625
0.6376049373008409
0.887310614410489
0.6264394186550475
0.8542606792189404
0.5286116104880638
0.5646903670446688
0.6714834864522197
0.9875911198985703
0.9232697148997682
0.7328783561033139
0.16931993406580892
0.5011870048347944
0.4835135343109913
0.43120006156053425
0.27635218221918145
0.8180024593687771
0.4212872797315801
0.24701034800547705
0.7311506300962121
0.16420586508478774
0.4860493606509717
0.43870610752687633
0.29857007827955395
0.8837674317074797
0.6159515978541399
0.823216729648254
0.4367215197588319
0.2926956984861424
0.8663792675189815
0.5644826318561855
0.6708685902943092
0.9857710272711553
0.9178822407226197
0.7169314325389542
0.12211704031530424
0.3614664393333005
0.06994066042656955
0.20702435486264587
0.6127920903934317
0.813864587564558
0.4090391791910917
0.21075597040563143
0.623837672400669
0.8465595103059802
0.5058161505057015
0.4972158054968765
0.47175878427075446
0.39640600144143323
0.1733617642666423
0.5131508222292612
0.5189264337986133
0.5360222440438953
0.5866258423699302
0.7364124934149934
0.17978098050838032
0.5321517023048057
0.5751690388222248
0.7025003549137854
0.07940105054480462
0.23502710961262166
0.6956802444533601
0.05921352358194598
0.1752720298025601
0.5188052082155779
0.5356634163181104
0.5855637123016069
0.7332685884127563
0.17047502170175877
0.504606064237206
0.49363395014212963
0.46115649242070367
0.3650232175652828
0.0804687239932369
0.23818742301998122
0.7050347721391444
0.0869029255318674
0.2572326595743275
0.7614086723400094
0.2537696701264278
0.7511582235742263
0.22342834177971005
0.6613478916679417
0.9575897593371074
0.834465687637838
0.47001843540800037
0.39125456880768117
0.15811352367073628
0.4680160300653794
0.385327448993523
0.14056924902082812
0.41608497710165127
0.23161153222088782
0.6855701353738279
0.029287600706530803
0.08669129809133118
0.2566062423503403
0.7595544773570073
0.24828125297674175
0.7349125088111556
0.17534102608102042
0.5190094371998204
0.5362679341114684
0.5873530849699466
0.738565131511042
0.18615278927268442
0.5510122562471459
0.6309962784915519
0.8677489843349937
0.5685369936315814
0.682869501149481
0.021293723402463716
0.0630294212712926
0.1865670869630261
0.5522385774105573
0.6346261891352494
0.8784935198403381
0.6003408187274006
0.7770088234331058
0.2999461173619933
0.8878405073915001
0.6280079018788403
0.8589033895613671
0.5423540331016468
0.6053679379808743
0.7918890964233878
0.34399172541322764
0.018215507223153793
0.053917901380535226
0.15959698808638426
0.47240708473569737
0.39832497081766416
0.17904191362028588
0.5299640643160461
0.5686936303754966
0.6833331459114698
0.022666111897950536
0.06709169121793358
0.1985914060050834
0.5878305617750469
0.7399784628541388
0.19033625004825083
0.5633953001428225
0.6676500884227545
0.9762442617313534
0.889683014724806
0.6334617235854259
0.8750467018128605
0.5901382373660669
0.7468091826035579
0.21055518050653133
0.6232433342993328
0.844800269526025
0.5006087977970339
0.48180204147922034
0.4261340427784921
0.2613567666243366
0.7736160292080363
0.28990344645578725
0.8581142015091302
0.5400180364670253
0.5984533879423948
0.7714220283094886
0.28340920379608603
0.8388912432364146
0.4831180799797874
0.43002951674017065
0.2728873695509051
0.807746613870679
0.3909299770572101
0.157152732089342
0.4651720869844523
0.3769093774739787
0.11565175732297694
0.3423292016760118
0.01329443696099486
0.03935153340454479
0.11648053887745256
0.3447823950772596
0.020555889428688356
0.060845432708917534
0.1801024808183959
0.5331033432224518
0.5779858959384572
0.7108382519778331
0.10408122585438617
0.30808042852898304
0.9119180684457898
0.699277482599538
0.06986134849463266
0.20678959154411267
0.6120971909705735
0.8118076852728975
0.40295074840777634
0.19273421528701795
0.5704932772495731
0.6886601006587363
0.0384338979498593
0.11376433793158351
0.3367424402774872
0.9967576232213621
0.9504025647352319
0.8131915916162864
0.40704711118420756
0.20485944910525444
0.6063839693515531
0.7948965492805973
0.3528937858705681
0.044565606176881545
0.13191419428356937
0.39046601507936535
0.15577940463492146
0.4611070377193675
0.3648768316493278
0.08003542168201028
0.2369048481787504
0.7012383506091012
0.07566551780293951
0.22396993269670093
0.6629510007822348
0.9623349623154149
0.848511488453628
0.5115940058227388
0.5143182572353069
0.5223820414165083
0.5462508425928647
0.6169024940748795
0.8260313824616434
0.4450528920864647
0.3173565605759354
0.9393754193047689
0.7805512411421156
0.3104316737806623
0.9188777543907604
0.7198781529966505
0.1308393328700852
0.3872844252954522
0.14636189887453854
0.43323122066863406
0.2823644131791567
0.8357986630103039
0.4739640425104996
0.40293356583107887
0.19268335485999333
0.5703427303855803
0.6882144819413176
0.03711486654630036
0.10986000497704908
0.32518561473206525
0.9625494196069131
0.8491462820364628
0.51347299482793
0.5198800646906727
0.5388449914843911
0.5949811747937976
0.7611442773896411
0.25298706107333757
0.7488417007770792
0.21657143430015457
0.6410514455284575
0.8975122787642342
0.6566363451421333
0.9436435816207145
0.793185001597315
0.3478276047280522
0.0295697099950345
0.08752634158530212
0.25907797109249425
0.766870794433783
0.2699375515239977
0.7990151525110332
0.3650848514326581
0.0806511602406681
0.23872743431237756
0.7066332055646376
0.09163428847132726
0.2712374938751287
0.8028629818703809
0.3764744263363271
0.11436430195552827
0.33851833378836366
0.0020142680135564195
0.005962233320127001
0.017648210627575923
0.052238703457624734
0.15462656223456922
0.4576946242143249
0.3547760876744017
0.05013721951622907
0.14840616976803805
0.43928226251339264
0.3002754970396422
0.8888154712373408
0.6308937948625291
0.867445632793086
0.5676390730675345
0.6802116562799021
0.013426502588510303
0.0397424476619905
0.11763764507949187
0.3482074294352959
0.030693991128475817
0.09085421374028842
0.2689284726712537
0.7960282791069109
0.35624370615645606
0.05448137022310995
0.16126485586040545
0.4773439733468001
0.41293816110652837
0.22229695687532391
0.6579989923509588
0.947677017358838
0.8051239713821605
0.38316695529119515
0.13417418766193756
0.39715559547933516
0.17558056261883204
0.5197184653517428
0.5383666574411587
0.5935653060258299
0.7569533058364566
0.24058178527591156
0.7121220844166982
0.10788136987342689
0.31932885482534357
0.945213410283017
0.7978316944377304
0.3615818155356818
0.07028217398561809
0.20803523499742954
0.6157842955923915
0.8227215149534788
0.4352556842622972
0.28835682541639973
0.8535362032325432
0.5264671615683278
0.5583427982422504
0.6526946827970612
0.9319762610793012
0.7586497327947317
0.24560320907240563
0.7269854988543206
0.1518770766087889
0.44955614676201516
0.3306861944155648
0.9788311354700717
0.8973401609914124
0.6561268765345809
0.9421355545423595
0.7887212414453844
0.3346148746783375
0.990460029047879
0.9317616859817219
0.7580145905058968
0.24372318789745462
0.7214206361764657
0.13540508308233834
0.4007990459237215
0.18636517593421575
0.5516409207652786
0.6328571254652247
0.873257091377065
0.5848409904761125
0.7311293318092928
0.1641428221555068
0.4858627535803001
0.43815375059768824
0.2969351017691573
0.8789279012367055
0.6016265876606481
0.7808146994755185
0.3112115104475346
0.9211860709247024
0.7267107699371191
0.15106387901387253
0.44714908188106267
0.32356128236794546
0.9577413958091185
0.8349145315949911
0.4713470135211737
0.3951871600226742
0.16975399366711552
0.5024718212546619
0.4873165909137993
0.4424571091048459
0.3096730429503438
0.9166322071330176
0.7132313331137321
0.11116474601664716
0.3290476482092756
0.9739810386994558
0.8829838745503893
0.6136322686691522
0.8163515152606906
0.4164004851716441
0.23254543610806655
0.688334490879877
0.0374700930044356
0.11091147529312938
0.32829796686766294
0.9717619819282823
0.8764154665077157
0.5941897808628385
0.7588017513540017
0.24605318400784526
0.7283174246632219
0.15581957700313698
0.46122594792928545
0.36522880587068496
0.08107726537722737
0.23998870551659301
0.7103665683291153
0.10268504225418118
0.3039477250723763
0.8996852662142337
0.6630683879941319
0.9626824284626305
0.8495399882493864
0.5146383652181834
0.5233295610458228
0.5490555006956357
0.6252042820590815
0.8506046748948812
0.5177898376888486
0.5326579195589918
0.5766674418946156
0.7069356280080621
0.09252945890386366
0.27388719835543646
0.8107061071320919
0.3996900771109919
0.18308262824853605
0.5419245796156668
0.6040967556623735
0.7881263967606256
0.3328541344114515
0.9852482378578965
0.9163347840593734
0.7123509608157454
0.10855884401460658
0.32133417828323546
0.951149167718377
0.8154015364463958
0.4135885478813317
0.2242221017287418
0.6636974211170757
0.9645443665065443
0.855051324859371
0.5309519215837382
0.5716176878878649
0.6919883561480802
0.04828553419831749
0.14292518122701978
0.42305853643197855
0.2522532678386564
0.746669672802423
0.2101422314951722
0.6220210052257097
0.8411821754681006
0.4898992393855779
0.4501017485813106
0.3323011758006793
0.9836114803700108
0.9114899818952318
0.6980103464098861
0.06611062537326307
0.19568745110485866
0.5792348552703817
0.7145351716003296
0.11502410793697582
0.3404713594934484
0.007795224100607401
0.023073863337797908
0.06829863547988181
0.20216396102045017
0.5984053246205325
0.7712797608767763
0.28298809219525767
0.8376447528979627
0.4794284685779697
0.4191082669907904
0.24056047029273953
0.712058992066509
0.10769461651686685
0.3187760648899259
0.9435771520741806
0.7929883701395744
0.34724557561313985
0.027846903814893853
0.0824268352920858
0.24398343246457396
0.722190960095139
0.13768524188161146
0.4075483159695699
0.20634301526992704
0.610775325198984
0.8078949625889926
0.39136908926341807
0.15845250421971757
0.469019412490364
0.3882974609714773
0.14936048447557293
0.44210703404769586
0.3086368207811798
0.9135649895122923
0.7041523689563851
0.08429101211089973
0.2495013958482632
0.7385241317108591
0.18603142986414278
0.5506530323978627
0.6299329758976735
0.8646016086571136
0.5592207616250562
0.6552934544101663
0.9396686250540922
0.781419130160113
0.3130006252739346
0.9264818508108463
0.742386278400105
0.19746338406431052
0.5844916168303591
0.730095185817863
0.16108175002087455
0.47680198006178864
0.41133386098289426
0.21754822850936706
0.6439427563877265
0.9060705589076703
0.681968854366704
0.01862780892544391
0.05513831441931398
0.16320941068116937
0.48309985561626134
0.42997557262413366
0.27272769496743554
0.8072739771036092
0.38953097222668287
0.15301167779098135
0.4529145662613048
0.3406271161334622
0.008256263755048066
0.024438540714942274
0.07233808051622913
0.21412071832803822
0.6337973262509932
0.8760400857029398
0.5930786536807018
0.7555128148948773
0.2363179320888369
0.6995010789829572
0.0705231937895534
0.2087486536170781
0.6178960147065511
0.8289722035313911
0.45375772245291746
0.3431228584606356
0.01564366104348136
0.04630523668870483
0.13706350059856628
0.4057079617717562
0.20089556684439835
0.5946508778594192
0.7601665984638808
0.2500931314530872
0.7402756691011381
0.1912159805393685
0.5659993023965307
0.6753579350937309
0.9990594878774435
0.9572160841172326
0.8333596089870086
0.46674444260154546
0.3815635501005745
0.12942810829770046
0.38310720056119335
0.13399731366113232
0.39663204843695166
0.17403086337337692
0.5151313555851956
0.5247888125321791
0.5533748850952502
0.6379896598819408
0.8884493932505446
0.629810204021612
0.8642382039039715
0.5581450835557558
0.6521094473250371
0.9302439640821096
0.7535221336830444
0.23042551570181136
0.6820595264773616
0.01889619837299028
0.05593274718405123
0.16556093166479163
0.4900603577277832
0.4505786588742384
0.3337128302677457
0.9877899775925272
0.9238583336738806
0.7346206676746867
0.1744771763170725
0.5164524418985346
0.5286992280196623
0.5649497149382003
0.672251156217073
0.989863422402536
0.9299957303115067
0.75278736172206
0.22825059069729736
0.6756217484640001
0.9998403754534404
0.9595275113421837
0.8402014335728638
0.48699624337567693
0.44150888039200376
0.30686628596033105
0.9083242064425799
0.6886396510700368
0.03837336716730899
0.11358516681523462
0.33621209377309447
0.9951877975683596
0.9457558808023445
0.7994374071749397
0.3663347252378215
0.08435078670395169
0.249678328643697
0.7390478527853431
0.18758164424461565
0.5552416669640623
0.6435153342136244
0.9048053892723282
0.6782239522460913
0.007542898648430274
0.02232697999935361
0.06608786079808669
0.1956200679623366
0.5790354011685164
0.7139447874588085
0.11327657087807319
0.3352986497990966
0.992484003405326
0.9377526500797653
0.775747844236105
0.29621361893887066
0.8767923120590572
0.595305243694809
0.7621035213366345
0.2558264231564382
0.7572462125430571
0.24144878912744927
0.7146884158172498
0.11547771081905944
0.34181402402441596
0.011769511112271314
0.03483775289232309
0.10311974856127634
0.305234455741378
0.9034939889944787
0.6743422074236571
0.9960529339740252
0.9483166845631144
0.8070173863068186
0.38877146346818314
0.15076353186582203
0.4462600543228332
0.3209297607955863
0.9499520919549355
0.8118581921866088
0.40310024887236207
0.1931767366621917
0.5718031405200874
0.6925372959394587
0.049910395980797606
0.1477347721031609
0.4372949254253563
0.2943929792590547
0.8714032186068019
0.5793535270761336
0.7148864401453556
0.1160638628302526
0.3435490339775477
0.0169051405735412
0.05003921609768195
0.14811607964913856
0.4384235957614501
0.2977338434538923
0.8812921766235212
0.6086248428056229
0.8015295347046438
0.3725274227257458
0.10268117126820764
0.3039362669538946
0.8996513501835279
0.6629679965432427
0.9623852697679982
0.8486603985132746
0.5120347795992926
0.515622947613906
0.5262439249371618
0.5576820178139987
0.6507387727294363
0.9261867672791313
0.7415128311462285
0.1948779801928362
0.5768388213707951
0.7074429112575535
0.09403101732235841
0.2783318112741809
0.8238621613715754
0.43863199765986316
0.29835071307319483
0.8831181106966567
0.6140296076621037
0.8175276386798269
0.4198818104922877
0.24285015905717144
0.7188364708092274
0.127755953595313
0.3781576226421265
0.11934656302069446
0.3532658265412556
0.045666846562116614
0.13517386582386517
0.4001146428386409
0.18433934280237696
0.5456444546950358
0.6151075858973059
0.8207184542560253
0.4293266245978349
0.2708068088095912
0.8015881540763898
0.372700936066114
0.1031947707556975
0.3054565214368646
0.9041513034531191
0.6762878582212326
0.0018120603348483755
0.0053636985911511914
0.015876547829807526
0.04699458157623028
0.13910396146564163
0.4117477259382992
0.21877326877736558
0.6475688755810021
0.9168038717197662
0.7137394602905078
0.11266880245990318
0.3334996552813134
0.9871589796326877
0.9219905797127557
0.7290921159497565
0.15811266321127926
0.4680134831053866
0.3853199099919442
0.1405469335761549
0.41601892338541846
0.2314160132208387
0.6849913991336826
0.02757454143570026
0.08162064264967277
0.24159710224303138
0.7151274226393729
0.11677717101254359
0.345660426197129
0.02315486154350177
0.06853839016876524
0.2028736348995451
0.6005059593026535
0.7774976395358544
0.3013930130261291
0.8921233185573421
0.6406850229297323
0.8964276678720076
0.6534258969011422
0.9341406548273807
0.765056338289047
0.2645667613355789
0.7831176135533134
0.31802813611780767
0.9413632829087107
0.7864353174097838
0.32784853953296
0.9704316770175616
0.8724777639719825
0.5825341813570684
0.7243011768169223
0.1439314833780898
0.4260371907991458
0.26107008476547167
0.7727674509057961
0.28739165468115635
0.8506792978562228
0.5180107216544192
0.5333117360970807
0.5786027388473589
0.7126641069881823
0.10948575668501936
0.3240778397876573
0.9592704057714656
0.8394404010835381
0.48474358720727295
0.4348410181335278
0.28712941367524225
0.8499030644787171
0.5157130708570028
0.5265106897367282
0.5584716416207154
0.6530760591973175
0.9331051352240598
0.7619912002632168
0.2554939527791218
0.7562621002262004
0.23853581666955348
0.7060660173418782
0.08995541133195939
0.26626801754259977
0.7881533319260953
0.33293386250124213
0.9854842330036767
0.917033329690883
0.7144186558850136
0.11467922141964015
0.33945049540213484
0.00477346639031917
0.014129460515344743
0.041823203125420434
0.12379668125124449
0.3664381765036837
0.08465700245090368
0.2505847272546749
0.7417307926738377
0.1955231463145597
0.5787485130910967
0.7130955987496461
0.11076297229895271
0.3278583980049
0.970460858094504
0.8725641399597319
0.5827898542808065
0.7250579686711873
0.14617158726671464
0.43266789830947533
0.28069697899604695
0.830863057828299
0.45935465117176477
0.3596897674684236
0.06468171170653392
0.1914578666513404
0.5667152852879676
0.677477244452384
0.005332643579056828
0.015784624994008213
0.04672248998226431
0.13829857034750237
0.409363768228607
0.21171675395667666
0.626681591711763
0.8549775114668183
0.5307334339417822
0.5709709644676753
0.6900740548243187
0.04261920227998317
0.1261528387487502
0.37341240269630055
0.10530071198104962
0.31169010746390685
0.9226027180931643
0.7309040455557665
0.1634759748450687
0.48388888554140336
0.432311101202554
0.27964085955955986
0.8277369442962972
0.4501013551170394
0.3323000111464367
0.9836080329934527
0.9114797776606198
0.6979801418754348
0.06602121995128707
0.19542281105580972
0.5784515207251968
0.7122165013465824
0.1081608439858841
0.32015609819821694
0.9476620506667222
0.8050796699734977
0.38303582312155315
0.13378603643979736
0.39600666786180017
0.17217973687092858
0.5096520211379486
0.5085699825683279
0.5053671484022504
0.49588675927066106
0.4678248074411566
0.3847614300258235
0.13889383287643753
0.41112574531425505
0.21693220613019504
0.6421193301453773
0.9006732172303167
0.6659927230017373
0.9713384600851422
0.8751618418520208
0.5904790518819816
0.7478179935706655
0.2135412609691696
0.632082132468742
0.8709631121074763
0.5780508118381298
0.7110304030408641
0.10464999300095768
0.3097639792828347
0.9169013786771908
0.7140280808844848
0.1135231194180748
0.3360284334775014
0.9946441630934041
0.9441467227564759
0.7946742993591687
0.35223592610313936
0.042618341265292514
0.12615029014526585
0.3734048588299869
0.10527838213676133
0.3116240111248135
0.922407072929448
0.7303249358711659
0.1617618101786511
0.47881495812880726
0.4172922760612694
0.23518513714135736
0.6961480059384177
0.060598097577716725
0.1793703688300415
0.5309362917369229
0.5715714235412919
0.6918514136822238
0.04788018449938258
0.14172534611817245
0.41950702450979044
0.24174079254897962
0.7155527459449796
0.11803612799713958
0.34938693887153316
